memory_initialization_radix=16;
memory_initialization_vector=
00000000,
00000181,
00000581,
00000081,
00000101,
00000000,
00000000,
00000000,
00000000,
00000000,
00000000,
00000000,
00008d04,
00108081,
00000000,
00000000,
00000000,
00000000,
00000000,
00000000,
00000000,
00000000,
00000000,
00000000,
00000000,
00000000,
00000000,
febfff05,
00f14101,
00000000,
00000000,
00000000,
00000000,
00000000,
00000000,
00000000,
00000000,
00000000,
00000000,
00000000,
00000000,
00000000,
00253d04,
00110101,
00000000,
00000000,
00000000,
00000000,
00000000,
00000000,
00000000,
00000000,
00000000,
00000000,
00000000,
00000000,
00000000,
00000000,
fdffff05,
00100581,
00000000,
00000000,
00000000,
00000000,
00000000,
00000000,
00000000,
00000000,
00000000,
00000000,
00000000,
00000000,
00000000,
00000000,
fcffff05,
00000581,
00000000,
00000000,
00000000,
00000000,
00000000,
00000000,
00000000,
00000000,
00000000,
00000000,
00000000,
00000000,
00000000,
00000000,
00000000,
00000000,
00000000,
00000000,
00000000,
00000000,
00000000,
00000000,
00000000,
00000000,
00000000,
00000000,
00000000,
00000000,
00000000,
00000000,
00000000,
00000000,
00000000,
00000000,
00000000,
00000000,
00000000,
00000000,
00000000,
00000000,
00000000,
00000000,
00000000,
00000000,
00000000,
00000000,
00000000,
00000000,
00000000,
00000000,
00000000,
00000000,
00000000,
00000000,
00000000,
00000000,
00000000,
00000000,
00000000,
00000000,
00000000,
00000000,
00000000,
00000000,
00000000,
00000000,
00000000,
00000000,
00000000,
00000000,
00000000,
00000000,
00000000,
00000000,
00000000,
00000000,
00000000,
00000000,
00000000,
00000000,
00000000,
00000000,
00000000,
00000000,
00000000,
00000000,
00000000,
00000000,
00000000,
00000000,
00000000,
00000000,
00000000,
00000000,
00000000,
00000000,
00000000,
00000000,
00000000,
00000000,
00000000,
00000000,
00000000;